#
#
#  Percent Identity  Matrix - created by Clustal2.1 
#
#

     1: HCoV_229E        100.00   44.85   44.19   41.28   45.84   45.90   45.96   45.87   45.87   45.83   45.77   45.83   45.77   45.87   45.80   45.87   45.91   45.88   45.83   45.77
     2: HCoV_OC43         44.85  100.00   47.14   42.53   48.27   48.33   48.27   48.22   48.37   48.21   48.24   48.26   48.26   48.26   48.32   48.32   48.25   48.27   48.33   48.25
     3: SARS-CoV          44.19   47.14  100.00   66.36   73.06   73.45   73.77   73.58   73.51   73.70   73.59   73.59   73.56   73.59   73.67   73.64   73.52   73.57   73.50   73.65
     4: P.2               41.28   42.53   66.36  100.00   86.44   86.87   87.70   87.29   87.24   87.16   87.32   87.29   87.32   87.32   87.32   87.37   87.21   87.21   87.12   87.20
     5: BA.1              45.84   48.27   73.06   86.44  100.00   99.42   98.78   98.89   98.79   98.77   98.90   98.84   98.90   98.90   99.00   98.95   98.92   98.87   98.98   98.92
     6: BA.2              45.90   48.33   73.45   86.87   99.42  100.00   99.10   99.21   99.13   99.08   99.16   99.16   99.21   99.21   99.32   99.27   99.24   99.13   99.19   99.19
     7: C.37              45.96   48.27   73.77   87.70   98.78   99.10  100.00   99.63   99.53   99.61   99.68   99.71   99.71   99.74   99.74   99.79   99.66   99.66   99.61   99.63
     8: B.1.351           45.87   48.22   73.58   87.29   98.89   99.21   99.63  100.00   99.69   99.61   99.79   99.69   99.71   99.79   99.74   99.79   99.71   99.71   99.71   99.69
     9: P.1               45.87   48.37   73.51   87.24   98.79   99.13   99.53   99.69  100.00   99.50   99.63   99.58   99.61   99.69   99.63   99.69   99.61   99.61   99.61   99.58
    10: B.1.617.1         45.83   48.21   73.70   87.16   98.77   99.08   99.61   99.61   99.50  100.00   99.66   99.69   99.71   99.71   99.71   99.74   99.63   99.63   99.61   99.66
    11: B.1.526           45.77   48.24   73.59   87.32   98.90   99.16   99.68   99.79   99.63   99.66  100.00   99.74   99.76   99.84   99.79   99.84   99.71   99.76   99.76   99.79
    12: B.1.427/B.1.429   45.83   48.26   73.59   87.29   98.84   99.16   99.71   99.69   99.58   99.69   99.74  100.00   99.76   99.79   99.79   99.84   99.71   99.71   99.66   99.69
    13: B.1.466.2         45.77   48.26   73.56   87.32   98.90   99.21   99.71   99.71   99.61   99.71   99.76   99.76  100.00   99.82   99.84   99.87   99.76   99.74   99.71   99.74
    14: R.1               45.87   48.26   73.59   87.32   98.90   99.21   99.74   99.79   99.69   99.71   99.84   99.79   99.82  100.00   99.84   99.90   99.76   99.82   99.76   99.79
    15: B.1.1.519         45.80   48.32   73.67   87.32   99.00   99.32   99.74   99.74   99.63   99.71   99.79   99.79   99.84   99.84  100.00   99.90   99.82   99.76   99.76   99.79
    16: Wuhan-Hu-1        45.87   48.32   73.64   87.37   98.95   99.27   99.79   99.79   99.69   99.74   99.84   99.84   99.87   99.90   99.90  100.00   99.82   99.82   99.76   99.79
    17: B.1.1.7           45.91   48.25   73.52   87.21   98.92   99.24   99.66   99.71   99.61   99.63   99.71   99.71   99.76   99.76   99.82   99.82  100.00   99.69   99.76   99.71
    18: B.1.525           45.88   48.27   73.57   87.21   98.87   99.13   99.66   99.71   99.61   99.63   99.76   99.71   99.74   99.82   99.76   99.82   99.69  100.00   99.71   99.71
    19: B.1.621           45.83   48.33   73.50   87.12   98.98   99.19   99.61   99.71   99.61   99.61   99.76   99.66   99.71   99.76   99.76   99.76   99.76   99.71  100.00   99.79
    20: B.1.1.318         45.77   48.25   73.65   87.20   98.92   99.19   99.63   99.69   99.58   99.66   99.79   99.69   99.74   99.79   99.79   99.79   99.71   99.71   99.79  100.00
